3.514149940968127339e+02 3.443051948051947875e+02
3.728435655253842924e+02 3.228766233766234564e+02
3.903760330578518278e+02 3.150844155844156376e+02
4.079085005903191359e+02 3.209285714285714448e+02
4.351812278630466153e+02 3.267727272727272521e+02
4.118046044864231590e+02 3.443051948051947875e+02
3.923240850059037257e+02 3.501493506493506516e+02
3.728435655253842924e+02 3.520974025974026063e+02
2.637526564344750568e+02 3.559935064935065157e+02
2.364799291617478048e+02 3.345649350649350708e+02
2.189474616292802693e+02 3.287207792207792636e+02
2.053110979929165296e+02 3.345649350649350708e+02
1.799864226682414028e+02 3.482012987012987537e+02
2.053110979929165296e+02 3.676818181818181870e+02
2.228435655253840650e+02 3.696298701298701417e+02
2.442721369539556235e+02 3.618376623376623797e+02
2.637526564344750568e+02 3.170324675324675354e+02
2.403760330578516005e+02 3.033961038961039094e+02
1.994669421487608361e+02 3.014480519480520115e+02
1.702461629279814588e+02 3.033961038961039094e+02
1.488175914994101277e+02 3.404090909090909918e+02
1.877786304604489942e+02 3.228766233766234564e+02
3.436227863046049151e+02 3.053441558441559209e+02
3.767396694214880881e+02 2.897597402597402834e+02
4.215448642266828756e+02 2.780714285714285552e+02
4.020643447461634423e+02 2.819675324675324646e+02
4.527136953955141507e+02 3.053441558441559209e+02
4.273890200708387965e+02 2.975519480519481021e+02
2.910253837072023089e+02 3.482012987012987537e+02
3.299864226682414028e+02 3.482012987012987537e+02
2.773890200708387965e+02 4.280714285714286120e+02
2.676487603305790799e+02 4.456038961038961475e+02
2.657007083825269547e+02 4.728766233766233995e+02
2.988175914994101277e+02 4.748246753246753542e+02
3.241422668240854819e+02 4.865129870129870255e+02
3.514149940968127339e+02 4.689805194805194901e+02
3.669994096812283715e+02 4.553441558441558641e+02
3.611552538370724506e+02 4.339155844155844193e+02
3.533630460448646318e+02 4.144350649350649292e+02
2.325838252656440091e+02 5.196298701298701417e+02
2.968695395513582298e+02 5.157337662337662323e+02
3.202461629279816862e+02 5.215779220779220395e+02
3.455708382526568130e+02 5.098896103896104250e+02
3.981682408500594192e+02 5.215779220779220395e+02
2.890773317591504110e+02 5.839155844155843624e+02
3.221942148760335840e+02 5.839155844155843624e+02
3.611552538370724506e+02 5.702792207792208501e+02
9.427213695395562354e+01 3.287207792207792636e+02
1.176487603305790799e+02 3.988506493506493484e+02
1.254409681227866713e+02 4.611883116883117282e+02
1.001162927981115445e+02 4.553441558441558641e+02
9.427213695395562354e+01 4.339155844155844193e+02
4.167473435655301728e+01 3.404090909090909918e+02
6.115525383707245055e+01 2.819675324675324646e+02
5.092072018890205527e+02 2.819675324675324646e+02
5.150513577331764736e+02 3.248246753246753542e+02
5.053110979929167570e+02 3.793701298701299152e+02
5.014149940968127339e+02 4.261233766233766573e+02
5.247916174734361903e+02 3.988506493506493484e+02
5.637526564344750568e+02 2.975519480519481021e+02
5.462201889020075214e+02 2.507987012987013031e+02
1.429734356552542067e+02 5.235259740259740511e+02
1.702461629279814588e+02 5.702792207792208501e+02
2.189474616292802693e+02 6.306688311688311614e+02
2.832331759149944901e+02 6.813181818181817562e+02
3.397266824085011194e+02 6.871623376623376771e+02
3.903760330578518278e+02 6.715779220779220395e+02
4.390773317591504110e+02 6.267727272727272521e+02
4.838825265643451985e+02 5.469025974025973937e+02
4.994669421487608361e+02 4.923571428571428896e+02
1.176487603305790799e+02 1.572922077922078188e+02
2.247916174734361903e+02 1.027467532467533147e+02
3.767396694214880881e+02 1.027467532467533147e+02
4.819344746162933006e+02 1.553441558441559209e+02
1.157007083825269547e+02 2.546948051948052125e+02
4.858305785123970963e+02 2.157337662337662323e+02
1.741422668240854819e+02 5.344155844155920931e+00
4.157007083825269547e+02 5.344155844155920931e+00
9.037603305785160046e+01 7.547402597402606261e+01
6.699940968122837148e+01 2.098896103896104250e+02
4.741422668240854819e+02 4.820129870129881056e+01
5.169994096812283715e+02 2.137857142857143344e+02
7.656434474620255060e-01 3.396103896104023079e+00
5.968695395513582298e+02 1.448051948052011539e+00
5.988175914994101277e+02 7.456038961038960906e+02
7.656434474620255060e-01 7.436558441558440791e+02
