3.469876033057852283e+02 3.365129870129870824e+02
3.820525383707202991e+02 3.131363636363636260e+02
4.015330578512397324e+02 3.170324675324675354e+02
4.210135773317592793e+02 3.209285714285714448e+02
4.443902007083826220e+02 3.443051948051947875e+02
4.210135773317592793e+02 3.462532467532467990e+02
3.995850059031878345e+02 3.443051948051947875e+02
3.801044864226682876e+02 3.404090909090909918e+02
2.495850059031878345e+02 3.365129870129870824e+02
2.223122786304605256e+02 3.209285714285714448e+02
1.989356552538371830e+02 3.131363636363636260e+02
1.833512396694215454e+02 3.170324675324675354e+02
1.521824085005903839e+02 3.404090909090909918e+02
1.833512396694215454e+02 3.482012987012987537e+02
2.008837072018890808e+02 3.482012987012987537e+02
2.164681227863047184e+02 3.423571428571428896e+02
2.729616292798111772e+02 3.033961038961039094e+02
2.554291617473436418e+02 2.780714285714285552e+02
1.930914994096813189e+02 2.702792207792208501e+02
1.619226682408501574e+02 2.683311688311688386e+02
1.210135773317592225e+02 3.287207792207792636e+02
1.697148760330579194e+02 2.975519480519481021e+02
3.275070838252657950e+02 2.956038961038960906e+02
3.645200708382527637e+02 2.761233766233766573e+02
4.365979929161748032e+02 2.644350649350649292e+02
4.093252656434475512e+02 2.722272727272727479e+02
4.755590318772137834e+02 3.326168831168831730e+02
4.307538370720189960e+02 3.014480519480520115e+02
2.846499409681229054e+02 3.326168831168831730e+02
3.177668240850059647e+02 3.345649350649350708e+02
2.554291617473436418e+02 4.046948051948052125e+02
2.417927981109800157e+02 4.222272727272727479e+02
2.456889020070839251e+02 4.514480519480519547e+02
2.690655253837072678e+02 4.592402597402597735e+02
2.943902007083826220e+02 4.689805194805194901e+02
3.255590318772137834e+02 4.553441558441558641e+02
3.489356552538371261e+02 4.553441558441558641e+02
3.469876033057852283e+02 4.261233766233766573e+02
3.391953955135774095e+02 3.910584415584415865e+02
2.047798110979929902e+02 5.391103896103895750e+02
2.651694214876033584e+02 5.274220779220779605e+02
2.885460448642268148e+02 5.430064935064934843e+02
3.216629279811098741e+02 5.332662337662337677e+02
3.801044864226682876e+02 5.410584415584415865e+02
2.495850059031878345e+02 5.663831168831168270e+02
2.943902007083826220e+02 5.683311688311688386e+02
3.275070838252657950e+02 5.702792207792208501e+02
9.568890200708392513e+01 3.715779220779220964e+02
1.054291617473436418e+02 4.358636363636363740e+02
1.093252656434475512e+02 4.904090909090909349e+02
8.594864226682415165e+01 4.826168831168831161e+02
8.400059031877219695e+01 4.533961038961039094e+02
7.231227863046052562e+01 3.910584415584415865e+02
7.036422668240857092e+01 3.150844155844156376e+02
5.086759149940969564e+02 3.423571428571428896e+02
5.028317591499410355e+02 3.852142857142857224e+02
4.969876033057852283e+02 4.417077922077922381e+02
4.950395513577333304e+02 4.923571428571428896e+02
5.164681227863046615e+02 4.611883116883117282e+02
5.320525383707202991e+02 3.852142857142857224e+02
5.301044864226684012e+02 3.267727272727272521e+02
1.249096812278631319e+02 5.566428571428571104e+02
1.385460448642267579e+02 5.975519480519481021e+02
1.775070838252657381e+02 6.384610389610389802e+02
2.223122786304605256e+02 6.871623376623376771e+02
2.982863046044865314e+02 6.988506493506492916e+02
3.664681227863046615e+02 6.852142857142856656e+02
4.171174734356553699e+02 6.384610389610389802e+02
4.580265643447462480e+02 5.975519480519481021e+02
4.814031877213695907e+02 5.546948051948052125e+02
1.463382526564345767e+02 1.397597402597402834e+02
2.398447461629281179e+02 9.300649350649359803e+01
3.742603305785124803e+02 9.495454545454549589e+01
4.541304604486423386e+02 1.261233766233766573e+02
1.210135773317592225e+02 2.274220779220779605e+02
4.775070838252657950e+02 2.196298701298701417e+02
2.106239669421488543e+02 3.396103896104023079e+00
3.645200708382527637e+02 3.396103896104023079e+00
9.374085005903197043e+01 7.547402597402606261e+01
6.646812278630466153e+01 2.059935064935065157e+02
4.833512396694216022e+02 6.573376623376634598e+01
5.378966942148761063e+02 2.274220779220779605e+02
2.182408500590383937e+00 1.448051948052011539e+00
5.963382526564346335e+02 -4.999999999998863132e-01
5.963382526564346335e+02 7.456038961038960906e+02
2.343565525384292414e-01 7.436558441558440791e+02
