2.172482948705970216e+02 2.951330000934317468e+02
2.307024665981500107e+02 3.390832944034382308e+02
2.522291413622348273e+02 3.722702513314023918e+02
2.647863683079509656e+02 3.848274782771185301e+02
2.764466504718302531e+02 3.964877604409978176e+02
2.925916565448939082e+02 4.063541530412034035e+02
3.132213865271419309e+02 4.090449873867139559e+02
3.347480612912266906e+02 4.063541530412034035e+02
3.598625151826589672e+02 3.875183126226291392e+02
3.813891899467438407e+02 3.650946930767074718e+02
3.921525273287862774e+02 3.507435765673175183e+02
4.002250303653180481e+02 3.363924600579276785e+02
4.118853125291973356e+02 2.951330000934317468e+02
3.849769690740913575e+02 2.431102027468933784e+02
3.733166869102120700e+02 2.377285340558721600e+02
3.607594599644959317e+02 2.368315892740352524e+02
3.508930673642903457e+02 2.404193684013827692e+02
3.437175091095954258e+02 2.493888162197514475e+02
3.544808464916378625e+02 2.511827057834251491e+02
3.634502943100064840e+02 2.511827057834251491e+02
3.742136316920489207e+02 2.475949266560776891e+02
2.468474726712136089e+02 2.440071475287302292e+02
2.594046996169297472e+02 2.386254788377090108e+02
2.719619265626459992e+02 2.377285340558721600e+02
2.827252639446883222e+02 2.431102027468933784e+02
2.881069326357095406e+02 2.520796505652620567e+02
2.782405400355040683e+02 2.547704849107726659e+02
2.683741474352984824e+02 2.547704849107726659e+02
2.567138652714191949e+02 2.520796505652620567e+02
3.392327852004110582e+02 2.126140801644398266e+02
3.571716808371484149e+02 2.045415771279079991e+02
3.786983556012332883e+02 2.009537980005605391e+02
3.930494721106231282e+02 2.027476875642342975e+02
4.002250303653180481e+02 2.108201906007661250e+02
2.988702700177519773e+02 2.153049145099504358e+02
2.872099878538726898e+02 2.072324114734186082e+02
2.710649817808090347e+02 2.054385219097449067e+02
2.585077548350928964e+02 2.054385219097449067e+02
2.432596935438662058e+02 2.153049145099504358e+02
2.728588713444828500e+02 3.426710735307857476e+02
3.060458282724468972e+02 3.381863496216013800e+02
3.168091656544893340e+02 3.408771839671119892e+02
3.248816686910212184e+02 3.372894048397645292e+02
3.544808464916378625e+02 3.444649630944594492e+02
3.284694478183686215e+02 3.650946930767074718e+02
3.168091656544893340e+02 3.650946930767074718e+02
3.024580491450994941e+02 3.668885826403811734e+02
3.051488834906100465e+02 2.529765953470989075e+02
2.961794356722414250e+02 2.888543866205736208e+02
2.881069326357095406e+02 3.014116135662898159e+02
2.916947117630570574e+02 3.157627300756796558e+02
3.006641595814256789e+02 3.130718957301691034e+02
3.150152760908156324e+02 3.157627300756796558e+02
3.302633373820423230e+02 3.121749509483321958e+02
3.392327852004110582e+02 3.121749509483321958e+02
3.428205643277585750e+02 3.023085583481266667e+02
3.365419508549005059e+02 2.915452209660842300e+02
3.302633373820423230e+02 2.520796505652620567e+02
