3.240188264972437082e+02 2.009388489208632791e+02
3.408365411566850298e+02 1.915956741100625891e+02
3.595228907782864098e+02 1.906613566289825030e+02
3.707347005512473288e+02 1.953329440343828765e+02
3.912896851350088809e+02 2.046761188451835665e+02
3.782092403998877899e+02 2.224281509857049173e+02
3.613915257404465819e+02 2.252311034289451186e+02
3.399022236756048869e+02 2.252311034289451186e+02
2.417988881621974997e+02 2.065447538073436817e+02
2.305870783892365807e+02 1.981358964776230778e+02
2.072291413622348273e+02 1.953329440343828765e+02
1.913457441838736486e+02 1.953329440343828765e+02
1.679878071568718951e+02 2.112163412127440552e+02
1.820025693730729017e+02 2.252311034289451186e+02
2.025575539568344539e+02 2.308370083154255781e+02
2.324557133513967528e+02 2.252311034289451186e+02
2.754343174810800292e+02 2.607351677099878202e+02
2.670254601513594253e+02 2.990421844342707232e+02
2.819745398486405747e+02 3.093196767261515561e+02
2.959893020648415813e+02 2.981078669531906939e+02
2.548793328973184771e+02 3.252030739045127348e+02
3.118726992432027600e+02 3.280060263477529361e+02
2.829088573297206040e+02 3.242687564234327056e+02
2.838431748108006332e+02 3.410864710828739135e+02
