2.751653225806451815e+02 1.922018649193547617e+02
2.910221774193548754e+02 1.824438004032257368e+02
3.129778225806451815e+02 1.885425907258064058e+02
3.349334677419355444e+02 1.946413810483870179e+02
3.495705645161290818e+02 2.080587197580644556e+02
3.312741935483871316e+02 2.129377520161289681e+02
3.190766129032257936e+02 2.141575100806450678e+02
2.885826612903226192e+02 2.068389616935482991e+02
2.092983870967742064e+02 1.946413810483870179e+02
1.971008064516129252e+02 1.812240423387095802e+02
1.800241935483871316e+02 1.836635584677418365e+02
1.666068548387096939e+02 1.848833165322579930e+02
1.556290322580645125e+02 1.970808971774192742e+02
1.727056451612903061e+02 2.068389616935482991e+02
1.885625000000000000e+02 2.007401713709676869e+02
2.019798387096774377e+02 1.983006552419354307e+02
2.080786290322580498e+02 2.336736391129031745e+02
1.885625000000000000e+02 2.568490423387096371e+02
2.031995967741935374e+02 2.763651713709676869e+02
2.324737903225806690e+02 2.690466229838709182e+02
1.934415322580645125e+02 2.946615423387096371e+02
2.910221774193548754e+02 3.044196068548386620e+02
2.239354838709677438e+02 2.995405745967741495e+02
2.275947580645161565e+02 3.190567036290321994e+02
