1.932143791460338207e+02 1.084414182939362377e+02
2.016232364757544246e+02 9.442665607773517422e+01
2.193752686162757755e+02 8.508348126693448421e+01
2.399302532000373276e+02 8.321484630477431210e+01
2.548793328973184771e+02 9.068938615341488685e+01
2.436675231243576718e+02 1.168502756236568985e+02
2.249811735027561781e+02 1.224561805101373011e+02
2.072291413622348273e+02 1.224561805101373011e+02
1.380896477623095961e+02 1.308650378398579619e+02
1.278121554704288201e+02 1.271277679155376745e+02
1.194032981407082161e+02 1.271277679155376745e+02
1.100601233299074693e+02 1.280620853966177606e+02
9.884831355694660715e+01 1.383395776884985366e+02
1.109944408109875553e+02 1.523543399046996001e+02
1.231405680650285035e+02 1.570259273100999167e+02
1.390239652433896822e+02 1.523543399046996001e+02
1.380896477623095961e+02 1.635661496776604622e+02
1.250092030271886188e+02 1.850554517425020435e+02
1.474328225731103430e+02 2.018731664019433651e+02
1.567759973839110330e+02 1.887927216668223309e+02
1.464985050920302569e+02 2.270997383911052907e+02
2.062948238811547981e+02 2.121506586938241412e+02
1.633162197514715217e+02 2.214938335046248312e+02
1.707907596001120965e+02 2.392458656451461820e+02
