2.997265719891619256e+02 2.000045314397831930e+02
3.156099691675231043e+02 1.915956741100625891e+02
3.314933663458842830e+02 1.906613566289825030e+02
3.473767635242454617e+02 1.953329440343828765e+02
3.595228907782864098e+02 2.046761188451835665e+02
3.473767635242454617e+02 2.177565635803045438e+02
3.314933663458842830e+02 2.196251985424647160e+02
3.128070167242829029e+02 2.196251985424647160e+02
2.249811735027561781e+02 1.990702139587031638e+02
2.053605064000747689e+02 1.878584041857423017e+02
1.894771092217134765e+02 1.897270391479024170e+02
1.773309819676726420e+02 1.934643090722227043e+02
1.651848547136316938e+02 2.009388489208632791e+02
1.810682518919928725e+02 2.177565635803045438e+02
1.988202840325142233e+02 2.196251985424647160e+02
2.128350462487152299e+02 2.168222460992245146e+02
2.548793328973184771e+02 2.541949453424273315e+02
2.464704755675978731e+02 2.747499299261888837e+02
2.567479678594786492e+02 2.850274222180696597e+02
2.679597776324394545e+02 2.766185648883490558e+02
2.389959357189572984e+02 3.065167242829112979e+02
2.875804447351209774e+02 3.065167242829112979e+02
2.614195552648790226e+02 3.027794543585910105e+02
2.604852377837988797e+02 3.186628515369522461e+02
