2.277841259459963794e+02 2.009388489208632791e+02
2.305870783892365807e+02 1.906613566289825030e+02
2.502077454919181037e+02 1.859897692235821296e+02
2.623538727459590518e+02 1.803838643371017270e+02
2.847774922918807761e+02 1.831868167803419283e+02
2.763686349621600584e+02 1.962672615154629057e+02
2.660911426702792824e+02 1.981358964776230778e+02
2.474047930486779023e+02 2.000045314397831930e+02
1.857398392973932459e+02 2.196251985424647160e+02
1.754623470055124699e+02 2.121506586938241412e+02
1.679878071568718951e+02 2.168222460992245146e+02
1.586446323460711483e+02 2.168222460992245146e+02
1.521044099785106596e+02 2.242967859478650325e+02
1.642505372325516078e+02 2.289683733532654060e+02
1.745280295244323270e+02 2.252311034289451186e+02
1.829368868541530446e+02 2.205595160235448020e+02
1.866741567784732752e+02 2.327056432775856933e+02
1.810682518919928725e+02 2.981078669531906939e+02
2.156379986919555449e+02 3.009108193964308953e+02
2.361929832757170971e+02 2.831587872559095445e+02
2.156379986919555449e+02 3.139912641315518727e+02
2.903833971783611787e+02 3.027794543585910105e+02
2.389959357189572984e+02 3.111883116883116713e+02
2.436675231243576718e+02 3.289403438288330221e+02
