3.146756516864429614e+02 2.579322152667476189e+02
3.305590488648042538e+02 2.513919928991871302e+02
3.483110810053256046e+02 2.551292628235074176e+02
3.641944781836867833e+02 2.616694851910679063e+02
3.698003830701671859e+02 2.756842474072689697e+02
3.511140334485658059e+02 2.812901522937493723e+02
3.389679061945248577e+02 2.812901522937493723e+02
3.184129216107633056e+02 2.728812949640287684e+02
2.539450154162384479e+02 2.252311034289451186e+02
2.502077454919181037e+02 2.112163412127440552e+02
2.389959357189572984e+02 2.074790712884237678e+02
2.184409511351957462e+02 1.943986265533027904e+02
1.904114267027936194e+02 1.943986265533027904e+02
2.016232364757544246e+02 2.242967859478650325e+02
2.212439035784359476e+02 2.317713257965056073e+02
2.389959357189572984e+02 2.327056432775856933e+02
2.922520321405213508e+02 2.943705970288704066e+02
2.950549845837615521e+02 3.195971690180323321e+02
2.791715874054003734e+02 3.242687564234327056e+02
2.688940951135195974e+02 3.139912641315518727e+02
2.343243483135569249e+02 3.336119312342333387e+02
2.642225077081192239e+02 3.410864710828739135e+02
2.483391105297579315e+02 3.354805661963935108e+02
2.436675231243576718e+02 3.513639633747546895e+02
