2.987922545080817827e+02 2.280340558721853199e+02
3.128070167242829029e+02 2.158879286181444286e+02
3.286904139026440816e+02 2.168222460992245146e+02
3.455081285620854032e+02 2.205595160235448020e+02
3.548513033728860364e+02 2.270997383911052907e+02
3.427051761188452019e+02 2.355085957208258947e+02
3.286904139026440816e+02 2.373772306829860668e+02
3.156099691675231043e+02 2.373772306829860668e+02
2.389959357189572984e+02 2.270997383911052907e+02
2.287184434270765223e+02 2.177565635803045438e+02
2.137693637297953728e+02 2.158879286181444286e+02
2.006889189946743954e+02 2.158879286181444286e+02
1.820025693730729017e+02 2.224281509857049173e+02
1.950830141081939928e+02 2.345742782397458654e+02
2.119007287676352007e+02 2.392458656451461820e+02
2.315213958703167236e+02 2.327056432775856933e+02
2.660911426702792824e+02 2.766185648883490558e+02
2.399302532000373276e+02 3.074510417639913840e+02
2.651568251891992531e+02 3.214658039801924474e+02
2.903833971783611787e+02 3.065167242829112979e+02
2.203095860973558047e+02 3.364148836774735969e+02
3.137413342053629322e+02 3.326776137531533095e+02
2.642225077081192239e+02 3.382835186396337122e+02
2.670254601513594253e+02 3.551012332990750338e+02
