3.585885732972063806e+02 2.345742782397458654e+02
3.698003830701671859e+02 2.289683733532654060e+02
3.847494627674483354e+02 2.308370083154255781e+02
3.968955900214892836e+02 2.364429132019059807e+02
4.053044473512098875e+02 2.504576754181070442e+02
3.922240026160889101e+02 2.579322152667476189e+02
3.744719704755675593e+02 2.569978977856675328e+02
3.613915257404465819e+02 2.504576754181070442e+02
2.987922545080817827e+02 2.093477062505839399e+02
2.950549845837615521e+02 1.953329440343828765e+02
2.773029524432402013e+02 1.869240867046622157e+02
2.595509203027188505e+02 1.775809118938615256e+02
2.287184434270765223e+02 1.794495468560216409e+02
2.455361580865177302e+02 2.000045314397831930e+02
2.651568251891992531e+02 2.102820237316639691e+02
2.763686349621600584e+02 2.130849761749042273e+02
3.436394935999252311e+02 2.728812949640287684e+02
3.548513033728860364e+02 3.027794543585910105e+02
3.258874614594038803e+02 3.149255816126319587e+02
3.109383817621227308e+02 3.018451368775109813e+02
2.614195552648790226e+02 3.121226291693917574e+02
3.193472390918433348e+02 3.298746613099131082e+02
3.025295244324021269e+02 3.252030739045127348e+02
2.950549845837615521e+02 3.382835186396337122e+02
