3.277560964215640524e+02 1.747779594506212675e+02
3.380335887134448285e+02 1.701063720452209509e+02
3.483110810053256046e+02 1.682377370830607788e+02
3.595228907782864098e+02 1.663691021209006635e+02
3.688660655890871567e+02 1.747779594506212675e+02
3.595228907782864098e+02 1.841211342614220143e+02
3.511140334485658059e+02 1.878584041857423017e+02
3.399022236756048869e+02 1.878584041857423017e+02
2.763686349621600584e+02 1.878584041857423017e+02
2.642225077081192239e+02 1.822524992992618422e+02
2.492734280108380744e+02 1.915956741100625891e+02
2.249811735027561781e+02 2.028074838830234512e+02
2.128350462487152299e+02 2.168222460992245146e+02
2.343243483135569249e+02 2.205595160235448020e+02
2.492734280108380744e+02 2.186908810613846299e+02
2.716970475567597987e+02 2.018731664019433651e+02
3.333620013080444551e+02 2.000045314397831930e+02
3.660631131458469554e+02 2.420488180883863834e+02
3.501797159674856630e+02 2.654067551153881936e+02
3.296247313837241109e+02 2.616694851910679063e+02
2.801059048864804026e+02 2.981078669531906939e+02
3.641944781836867833e+02 2.766185648883490558e+02
3.314933663458842830e+02 2.887646921423899471e+02
3.361649537512846564e+02 3.093196767261515561e+02
