1.982096774193549891e+02 1.836635584677418933e+02
2.006491935483871885e+02 1.629276713709676869e+02
2.238245967741937648e+02 1.592683971774193310e+02
2.518790322580647398e+02 1.617079133064515872e+02
2.640766129032259641e+02 1.678067036290321994e+02
2.579778225806452383e+02 1.885425907258064058e+02
2.348024193548388894e+02 1.958611391129031745e+02
2.201653225806452383e+02 2.043994455645160997e+02
1.299032258064517009e+02 2.190365423387096371e+02
1.091673387096775514e+02 2.202563004032257936e+02
1.042883064516130389e+02 2.336736391129031745e+02
9.940927419354852645e+01 2.483107358870967118e+02
9.696975806451621338e+01 2.605083165322580498e+02
1.140463709677420638e+02 2.653873487903225623e+02
1.286834677419356012e+02 2.568490423387096371e+02
1.457600806451614517e+02 2.458712197580644556e+02
1.555181451612904766e+02 2.507502520161289681e+02
1.481995967741936511e+02 2.763651713709676869e+02
1.725947580645162134e+02 2.861232358870967118e+02
1.823528225806452383e+02 2.751454133064515872e+02
1.860120967741937648e+02 3.056393649193548185e+02
2.299233870967742632e+02 2.861232358870967118e+02
2.018689516129032882e+02 2.946615423387096371e+02
2.091875000000001137e+02 3.105183971774193310e+02
