4.022419354838709751e+02 1.150282258064515872e+02
4.625645161290323131e+02 1.114798387096774377e+02
5.175645161290323131e+02 1.150282258064515872e+02
5.778870967741935374e+02 1.168024193548387757e+02
6.151451612903226760e+02 1.203508064516129252e+02
6.914354838709678006e+02 1.718024193548387757e+02
3.561129032258064626e+02 1.309959677419354875e+02
3.809516129032258505e+02 2.445443548387097508e+02
6.612741935483871885e+02 2.498669354838709751e+02
6.595000000000000000e+02 1.859959677419354875e+02
3.845000000000000000e+02 1.753508064516129252e+02
7.570806451612903629e+02 2.409959677419354875e+02
7.606290322580645125e+02 3.066411290322581635e+02
