3.257903225806453520e+02 1.168024193548386620e+02
3.825645161290324268e+02 1.185766129032257368e+02
4.357903225806453520e+02 1.238991935483870748e+02
4.890161290322582772e+02 1.292217741935482991e+02
5.245000000000002274e+02 1.380927419354837866e+02
5.954677419354841277e+02 1.877701612903225623e+02
2.761129032258065763e+02 1.292217741935482991e+02
2.974032258064517009e+02 2.427701612903225623e+02
5.653064516129034018e+02 2.605120967741935374e+02
5.653064516129034018e+02 1.966411290322580498e+02
3.009516129032260778e+02 1.753508064516129252e+02
6.486935483870970529e+02 2.534153225806451246e+02
6.522419354838712025e+02 3.137379032258064626e+02
