2.335322580645163271e+02 1.150282258064515872e+02
2.938548387096775514e+02 1.185766129032257368e+02
3.506290322580646261e+02 1.274475806451612243e+02
4.038548387096775514e+02 1.363185483870967118e+02
4.357903225806453520e+02 1.469637096774192742e+02
4.996612903225809532e+02 2.001895161290321994e+02
2.015967741935485265e+02 2.427701612903225623e+02
4.712741935483873021e+02 2.676088709677419502e+02
4.730483870967743769e+02 2.055120967741935374e+02
2.086935483870970529e+02 1.735766129032257368e+02
1.785322580645163271e+02 1.221250000000000000e+02
5.475645161290324268e+02 2.605120967741935374e+02
5.493387096774195015e+02 3.190604838709676869e+02
6.291774193548390031e+02 2.658346774193547617e+02
6.309516129032260778e+02 3.208346774193547617e+02
6.096612903225809532e+02 1.398669354838709751e+02
6.078870967741936511e+02 1.859959677419354875e+02
