3.241774193548387757e+02 1.168024193548387757e+02
3.845000000000000000e+02 1.185766129032258505e+02
4.359516129032258505e+02 1.238991935483870748e+02
4.909516129032258505e+02 1.292217741935484128e+02
5.264354838709678006e+02 1.380927419354839003e+02
5.938548387096774377e+02 1.877701612903226760e+02
2.957903225806452383e+02 2.427701612903226760e+02
5.654677419354839003e+02 2.605120967741936511e+02
5.654677419354839003e+02 1.984153225806452383e+02
3.028870967741935374e+02 1.735766129032258505e+02
2.745000000000000000e+02 1.256733870967742632e+02
6.488548387096774377e+02 2.534153225806452383e+02
6.506290322580645125e+02 3.119637096774193878e+02
7.393387096774193878e+02 2.587379032258064626e+02
7.428870967741935374e+02 3.155120967741936511e+02
7.127258064516129252e+02 1.238991935483870748e+02
7.145000000000000000e+02 1.735766129032258505e+02
